3.1725
2.266
2.8419
2.8968000000000007
4.820800000000001
4.372499999999999
2.6229
3.8884
3.2836
3.1773000000000002
2.2760000000000002
3.007
4.4940999999999995
2.9962999999999997
3.5664000000000002
3.0209
3.2664999999999997
2.7908
5.922099999999999
3.8244000000000002
2.783
4.1415999999999995
4.0737
3.4918000000000005
3.578
2.6523000000000003
3.7069
3.5619999999999994
5.6388
6.135599999999998
4.654399999999999
5.009099999999998
4.6922999999999995
3.1620000000000004
3.605400000000001
3.8050999999999995
3.7036
4.269500000000001
3.6195999999999997
3.1949000000000005
3.6488000000000005
3.7389999999999994
3.6578
5.5162999999999975
4.096
4.108599999999999
5.7532
4.6625
5.525799999999999
3.2215999999999996
3.195
3.9009
4.3353
5.414499999999999
6.800900000000001
4.550999999999999
3.0973999999999995
6.296400000000001
4.162699999999999
4.4132
4.5855999999999995
3.7655000000000003
3.8507
3.9614000000000007
5.1774000000000004
3.5827
3.9057
3.4929999999999994
4.1531
6.718799999999998
6.171599999999999
5.057600000000001
5.3077000000000005
3.2899000000000003
5.780000000000002
5.6325
3.8690999999999995
4.5857
6.039400000000001
3.7074000000000003
4.1203
5.7764
5.3515
3.3986000000000005
7.281499999999997
3.7681
5.910299999999999
6.799999999999999
6.110599999999999
3.7529
3.7885000000000004
5.1986
2.8711
4.2524
5.433299999999999
6.966200000000001
7.570200000000001
2.9101999999999997
8.0847
5.7132
6.7571
3.8641
7.9405
3.9148000000000005
6.854299999999999
7.9060999999999995
3.7621
3.8066999999999998
6.483999999999999
3.9535
8.643999999999998
9.416700000000002
7.740100000000001
6.3501
7.4933
6.049400000000001
6.9763
10.6805
8.700500000000002
7.476799999999999
6.985499999999999
8.114999999999998
7.1601
7.428399999999999
9.128199999999998
9.832700000000004
8.079
9.394800000000002
13.71520000000001
7.902799999999999
7.660899999999999
8.443700000000002
7.881
11.397200000000002
8.817899999999998
9.529900000000005
11.187800000000006
11.397400000000005
11.773300000000008
8.691699999999997
10.581100000000006
9.892800000000001
12.571200000000003
13.060400000000012
13.9758
12.987100000000002
13.44300000000001
13.725000000000005
14.882200000000006
11.753700000000002
11.915099999999999
14.235900000000008
13.337000000000016
16.135399999999997
14.18290000000001
17.022700000000007
17.203700000000005
17.834999999999997
16.72470000000001
18.7426
19.9312
18.62740000000001
20.625300000000006
21.576900000000013
21.529900000000026
21.342500000000012
23.39780000000003
22.40890000000001
22.94949999999999
23.858000000000008
24.019700000000007
24.706199999999995
23.753399999999992
25.240599999999993
25.85419999999999
24.613299999999978
25.980000000000004
25.546099999999985
25.89049999999999
26.242899999999985
26.765899999999966
26.047
26.540299999999988
26.95799999999997
26.457
26.6657
26.6673
27.24839999999998
26.9327
27.0856
27.086800000000014
27.307500000000008
28.047399999999982
28.03409999999998
27.8584
27.97459999999999
28.216999999999995
28.33949999999999
28.765099999999947
29.054099999999945
29.133599999999948
29.32759999999995
29.374899999999975
29.860899999999955
30.03429999999994
30.43399999999994
30.303199999999954
30.772099999999945
30.87029999999995
31.090599999999952
31.447899999999954
31.752999999999957
32.001299999999965
32.38659999999996
32.53269999999995
32.82129999999996
32.98799999999995
33.07579999999995
33.23259999999995
33.42449999999995
33.526999999999944
33.636599999999945
33.77319999999994
33.88359999999994
33.997199999999935
34.02949999999993
34.05389999999993
34.10189999999994
34.22799999999994
34.362399999999944
34.388599999999954
34.50159999999996
34.615599999999965
34.738499999999966
34.97419999999998
35.14269999999999
35.3112
35.4454
35.70450000000001
35.86410000000001
36.011600000000016
36.15930000000002
36.36410000000002
36.54590000000003
36.72770000000001
36.9779
37.17339999999997
37.26519999999996
37.34609999999994
37.450999999999915
37.486099999999915
37.57969999999995
37.60309999999996
37.67329999999999
37.67329999999999
37.67329999999999
37.67329999999999
37.67329999999999
37.67329999999999
37.67329999999999
37.67329999999999
37.67329999999999
37.67329999999999
37.67329999999999
37.67329999999999
37.67329999999999
37.67329999999999
37.67329999999999
37.67329999999999
37.67329999999999
37.67329999999999
37.67329999999999
37.67329999999999
37.67329999999999
37.67329999999999
37.67329999999999
37.67329999999999
37.67329999999999
37.67329999999999
37.67329999999999
37.67329999999999
37.67329999999999
37.67329999999999
37.67329999999999
37.67329999999999
37.67329999999999
37.67329999999999
37.67329999999999
37.67329999999999
37.67329999999999
37.67329999999999
37.67329999999999
37.67329999999999
37.67329999999999
37.67329999999999
37.67329999999999
37.67329999999999
37.67329999999999
37.67329999999999
37.67329999999999
37.67329999999999
37.67329999999999
37.67329999999999
37.67329999999999
37.67329999999999
37.67329999999999
37.67329999999999
37.67329999999999
37.67329999999999
37.67329999999999
37.67329999999999
37.67329999999999
37.67329999999999
37.67329999999999
37.67329999999999
37.67329999999999
37.67329999999999
37.67329999999999
37.67329999999999
37.67329999999999
37.67329999999999
37.67329999999999
37.67329999999999
37.67329999999999
37.67329999999999
37.67329999999999
37.67329999999999
37.67329999999999
37.67329999999999
37.67329999999999
37.67329999999999
37.67329999999999
37.67329999999999
37.67329999999999
37.67329999999999
37.67329999999999
37.67329999999999
37.67329999999999
37.67329999999999
37.67329999999999
37.67329999999999
37.67329999999999
37.67329999999999
37.67329999999999
37.67329999999999
37.67329999999999
37.67329999999999
37.67329999999999
37.67329999999999
37.67329999999999
37.67329999999999
37.67329999999999
37.67329999999999
37.67329999999999
37.67329999999999
37.67329999999999
37.67329999999999
37.67329999999999
37.67329999999999
37.67329999999999
37.67329999999999
37.67329999999999
37.67329999999999
37.67329999999999
37.67329999999999
37.67329999999999
37.67329999999999
37.67329999999999
37.67329999999999
37.67329999999999
37.67329999999999
37.67329999999999
37.67329999999999
37.67329999999999
37.67329999999999
37.67329999999999
37.67329999999999
37.67329999999999
37.67329999999999
37.67329999999999
37.67329999999999
37.67329999999999
37.67329999999999
37.67329999999999
37.67329999999999
37.67329999999999
37.67329999999999
37.67329999999999
37.67329999999999
37.67329999999999
37.67329999999999
37.67329999999999
37.67329999999999
37.67329999999999
37.67329999999999
37.67329999999999
37.67329999999999
37.67329999999999
37.67329999999999
37.67329999999999
37.67329999999999
37.67329999999999
37.67329999999999
37.67329999999999
37.67329999999999
37.67329999999999
37.67329999999999
3.1725
2.7192499999999997
2.7601333333333335
2.7943000000000002
3.1996
3.3950833333333335
3.2847714285714287
3.360225
3.351711111111111
3.33427
3.24462
3.3187200000000003
3.4839399999999996
3.4938900000000004
3.36845
3.23329
3.2976499999999995
3.1878900000000003
3.4517399999999996
3.51645
3.5671499999999994
3.6806099999999993
3.63857
3.68812
3.68928
3.6524200000000007
3.6964599999999996
3.77358
3.74525
3.97637
4.16351
4.250259999999999
4.312119999999998
4.279139999999999
4.281879999999999
4.3971599999999995
4.39683
4.46758
4.26566
3.971589999999999
3.8710299999999997
3.74402
3.6405700000000003
3.8760000000000003
3.9250600000000007
3.955409999999999
4.1603699999999995
4.199669999999999
4.390289999999999
4.3929599999999995
4.347579999999999
4.36377
4.431519999999999
4.42134
4.6918299999999995
4.73607
4.47049
4.6338799999999996
4.49757
4.61673
4.75579
4.74225
4.69379
4.54848
4.38613
4.2893
4.370130000000001
4.089790000000001
4.08883
4.31939
4.47799
4.6072
4.7528999999999995
4.6857500000000005
4.74601
4.950989999999999
4.947329999999999
5.0566
5.24523
4.94409
4.7389600000000005
4.810840000000001
4.815220000000001
4.826090000000001
4.97624
4.789799999999999
4.99392
5.215349999999999
5.2224699999999995
5.227019999999999
5.19384
5.136059999999999
4.888019999999999
4.9734
4.7885800000000005
5.10839
5.27438
4.8854
5.082809999999999
5.27884
5.5757
5.44225
5.94919
5.91543
6.057530000000001
6.1515200000000005
5.770709999999999
5.860359999999999
5.700290000000001
5.52432
5.71301
6.268269999999999
6.2482299999999995
6.491759999999999
6.5556600000000005
6.36999
6.69141
7.37879
7.600440000000001
7.952769999999999
7.78692
7.65675
7.59875
7.70658
7.870069999999998
8.2484
8.35867
8.230100000000002
8.731570000000001
8.774170000000002
8.84171
8.874580000000003
8.946670000000001
9.343550000000002
9.312520000000001
9.282240000000002
9.593120000000003
9.793380000000003
9.599190000000002
9.678080000000003
9.970100000000002
10.115010000000003
10.584030000000004
10.750350000000005
11.266140000000004
11.611860000000004
11.837380000000005
12.070140000000006
12.381030000000006
12.687230000000005
12.820630000000005
13.254940000000005
13.331520000000006
13.639020000000006
13.659730000000007
14.063290000000006
14.439360000000004
14.850360000000006
15.034610000000006
15.733500000000006
16.535110000000007
16.974260000000005
17.703090000000007
18.24724000000001
18.98194000000001
19.413920000000008
20.03333000000001
20.49072000000001
21.113200000000013
21.62474000000001
22.03359000000001
22.64147000000001
22.954280000000008
23.320650000000008
23.753080000000004
24.08016
24.33838
24.652099999999997
24.946199999999994
25.184689999999993
25.459309999999988
25.59338999999999
25.87207999999999
26.04381999999999
26.10409999999999
26.309339999999985
26.37806999999999
26.54829999999999
26.65251999999999
26.736789999999992
26.768879999999996
26.894929999999995
27.04563999999999
27.153249999999996
27.29339
27.424279999999992
27.579249999999995
27.688359999999996
27.87159999999999
28.068449999999984
28.27312999999998
28.47513999999997
28.607889999999976
28.790569999999967
29.008159999999958
29.25409999999996
29.462719999999955
29.705979999999954
29.91649999999995
30.12014999999995
30.35157999999995
30.594119999999954
30.85675999999995
31.109329999999954
31.35916999999995
31.597899999999953
31.866379999999953
32.09674999999995
32.33297999999995
32.56636999999995
32.774279999999955
32.96263999999995
33.13982999999995
33.28952999999994
33.43597999999995
33.556799999999946
33.66338999999994
33.76599999999994
33.86553999999994
33.95932999999994
34.04548999999993
34.13198999999993
34.21622999999994
34.301719999999946
34.39941999999995
34.510739999999956
34.63646999999996
34.770819999999965
34.91846999999998
35.06863999999998
35.23093999999999
35.39671
35.57156
35.752300000000005
35.927650000000014
36.11117000000001
36.29739
36.47937
36.64352999999999
36.802219999999984
36.949669999999976
37.09170999999996
37.21560999999997
37.328349999999965
37.42290999999996
37.492449999999955
37.54243999999996
37.583249999999964
37.61596999999997
37.63819999999997
37.65691999999998
37.666279999999986
37.67329999999999
37.67329999999999
37.67329999999999
37.67329999999999
37.67329999999999
37.67329999999999
37.67329999999999
37.67329999999999
37.67329999999999
37.67329999999999
37.67329999999999
37.67329999999999
37.67329999999999
37.67329999999999
37.67329999999999
37.67329999999999
37.67329999999999
37.67329999999999
37.67329999999999
37.67329999999999
37.67329999999999
37.67329999999999
37.67329999999999
37.67329999999999
37.67329999999999
37.67329999999999
37.67329999999999
37.67329999999999
37.67329999999999
37.67329999999999
37.67329999999999
37.67329999999999
37.67329999999999
37.67329999999999
37.67329999999999
37.67329999999999
37.67329999999999
37.67329999999999
37.67329999999999
37.67329999999999
37.67329999999999
37.67329999999999
37.67329999999999
37.67329999999999
37.67329999999999
37.67329999999999
37.67329999999999
37.67329999999999
37.67329999999999
37.67329999999999
37.67329999999999
37.67329999999999
37.67329999999999
37.67329999999999
37.67329999999999
37.67329999999999
37.67329999999999
37.67329999999999
37.67329999999999
37.67329999999999
37.67329999999999
37.67329999999999
37.67329999999999
37.67329999999999
37.67329999999999
37.67329999999999
37.67329999999999
37.67329999999999
37.67329999999999
37.67329999999999
37.67329999999999
37.67329999999999
37.67329999999999
37.67329999999999
37.67329999999999
37.67329999999999
37.67329999999999
37.67329999999999
37.67329999999999
37.67329999999999
37.67329999999999
37.67329999999999
37.67329999999999
37.67329999999999
37.67329999999999
37.67329999999999
37.67329999999999
37.67329999999999
37.67329999999999
37.67329999999999
37.67329999999999
37.67329999999999
37.67329999999999
37.67329999999999
37.67329999999999
37.67329999999999
37.67329999999999
37.67329999999999
37.67329999999999
37.67329999999999
37.67329999999999
37.67329999999999
37.67329999999999
37.67329999999999
37.67329999999999
37.67329999999999
37.67329999999999
37.67329999999999
37.67329999999999
37.67329999999999
37.67329999999999
37.67329999999999
37.67329999999999
37.67329999999999
37.67329999999999
37.67329999999999
37.67329999999999
37.67329999999999
37.67329999999999
37.67329999999999
37.67329999999999
37.67329999999999
37.67329999999999
37.67329999999999
37.67329999999999
37.67329999999999
37.67329999999999
37.67329999999999
37.67329999999999
37.67329999999999
37.67329999999999
37.67329999999999
37.67329999999999
37.67329999999999
37.67329999999999
37.67329999999999
37.67329999999999
37.67329999999999
37.67329999999999
37.67329999999999
37.67329999999999
37.67329999999999
37.67329999999999
37.67329999999999
37.67329999999999
