2.5932
2.0803000000000003
2.2519000000000005
1.8494000000000002
2.7400999999999995
2.0124
3.575799999999999
3.144199999999999
2.8765
2.7180000000000004
3.7083000000000004
2.4050999999999996
3.5808000000000004
2.6035000000000004
3.8634000000000004
3.4429
2.8164000000000007
2.6879
4.2189
2.5828
3.7945999999999995
3.4945
2.4341999999999997
3.4614000000000007
3.5265999999999997
2.2895999999999996
5.455099999999998
5.3238
4.2217
2.6477
3.2011
4.6462
2.6579
4.3003
3.4348000000000005
4.5381
4.3907
4.840999999999999
2.5734000000000004
5.8141
2.3408999999999995
5.356899999999998
4.1812999999999985
6.1697999999999995
3.0617999999999985
3.2937
6.060599999999998
3.9341999999999997
3.2374
5.8374
5.999700000000001
4.574599999999999
5.611499999999997
6.189500000000001
4.4931
6.2767
4.3497
5.136599999999999
5.630299999999998
7.2109
4.1024
6.053599999999999
3.2092
4.689099999999999
4.015799999999999
5.8850999999999996
5.361699999999999
3.1363000000000003
5.8008
5.4685
4.2285
5.529800000000002
3.0667
4.9973
5.576299999999998
3.2666999999999997
5.316
3.4209
6.197800000000001
5.959899999999996
5.573199999999998
5.458300000000001
7.437
6.390699999999999
6.385400000000001
6.300699999999999
7.3816999999999995
6.294699999999999
6.185499999999998
7.399699999999999
6.429599999999999
5.428499999999999
6.345699999999999
5.8790000000000004
7.9004999999999965
5.564700000000001
6.946199999999998
9.494499999999997
8.031799999999997
7.857999999999998
6.3588
7.6042000000000005
7.5821999999999985
8.439699999999998
6.770599999999999
7.120899999999999
12.311300000000005
6.8492
7.840999999999998
9.5634
6.768099999999999
7.1114999999999995
10.4258
8.144499999999997
7.3432999999999975
9.0112
8.8132
7.541899999999999
8.975299999999995
9.141800000000002
8.2052
8.511299999999997
8.1227
8.332900000000002
9.086099999999993
9.336199999999998
10.286000000000005
10.842100000000002
9.428199999999997
12.045200000000005
13.465500000000006
9.652100000000003
9.125699999999998
10.017399999999997
11.19720000000001
10.259900000000005
11.590299999999994
13.1693
11.874500000000012
14.446799999999989
12.583800000000004
13.880700000000006
13.825200000000004
14.592200000000005
15.663799999999993
15.26569999999999
15.524000000000012
16.24450000000001
16.40670000000001
16.48770000000001
16.2477
17.585799999999995
17.811700000000016
18.052500000000006
18.2747
18.43190000000001
18.575100000000027
18.500900000000026
18.710800000000027
18.823500000000006
19.138500000000025
19.093000000000014
19.247800000000016
19.47830000000001
19.884400000000014
20.227000000000004
20.3549
20.42250000000001
20.743600000000004
20.527400000000007
20.58350000000001
20.85580000000002
21.12410000000002
21.358700000000013
21.4481
21.40789999999999
21.161799999999992
21.249499999999987
21.136499999999984
21.372799999999994
21.4007
21.56830000000001
21.517600000000012
21.592200000000023
21.62680000000002
21.708500000000026
21.639700000000023
21.63320000000002
21.730800000000023
21.66020000000002
21.713900000000017
21.71010000000002
21.797400000000025
21.741600000000023
21.735700000000012
21.636400000000005
21.5927
21.629299999999997
21.6303
21.6449
21.787700000000008
21.858500000000017
22.05630000000003
22.08280000000003
22.11050000000003
22.165300000000034
22.238100000000035
22.217700000000036
22.31720000000004
22.39870000000004
22.497800000000044
22.534600000000044
22.617500000000042
22.62400000000004
22.64220000000004
22.75240000000004
22.79850000000004
22.86000000000004
22.906500000000037
22.970200000000037
23.062600000000035
23.133000000000035
23.207000000000033
23.298600000000032
23.378700000000034
23.425200000000032
23.48100000000003
23.524900000000027
23.524900000000027
23.513000000000027
23.513000000000027
23.501100000000026
23.48920000000003
23.48920000000003
23.48920000000003
23.48920000000003
23.48920000000003
23.48920000000003
23.48920000000003
23.48920000000003
23.48920000000003
23.48920000000003
23.48920000000003
23.48920000000003
23.48920000000003
23.48920000000003
23.48920000000003
23.48920000000003
23.48920000000003
23.48920000000003
23.48920000000003
23.48920000000003
23.48920000000003
23.48920000000003
23.48920000000003
23.48920000000003
23.48920000000003
23.48920000000003
23.48920000000003
23.48920000000003
23.48920000000003
23.48920000000003
23.48920000000003
23.48920000000003
23.48920000000003
23.48920000000003
23.48920000000003
23.48920000000003
23.48920000000003
23.48920000000003
23.48920000000003
23.48920000000003
23.48920000000003
23.48920000000003
23.48920000000003
23.48920000000003
23.48920000000003
23.48920000000003
23.48920000000003
23.48920000000003
23.48920000000003
23.48920000000003
23.48920000000003
23.48920000000003
23.48920000000003
23.48920000000003
23.48920000000003
23.48920000000003
23.48920000000003
23.48920000000003
23.48920000000003
23.48920000000003
23.48920000000003
23.48920000000003
23.48920000000003
23.48920000000003
23.48920000000003
23.48920000000003
23.48920000000003
23.48920000000003
23.48920000000003
23.48920000000003
23.48920000000003
23.48920000000003
23.48920000000003
23.48920000000003
23.48920000000003
23.48920000000003
23.48920000000003
23.48920000000003
23.48920000000003
23.48920000000003
23.48920000000003
23.48920000000003
23.48920000000003
23.48920000000003
23.48920000000003
23.48920000000003
23.48920000000003
23.48920000000003
23.48920000000003
23.48920000000003
23.48920000000003
23.48920000000003
23.48920000000003
23.48920000000003
23.48920000000003
23.48920000000003
23.48920000000003
23.48920000000003
23.48920000000003
23.48920000000003
23.48920000000003
23.48920000000003
23.48920000000003
23.48920000000003
23.48920000000003
23.48920000000003
23.48920000000003
23.48920000000003
23.48920000000003
23.48920000000003
23.48920000000003
23.48920000000003
23.48920000000003
23.48920000000003
23.48920000000003
23.48920000000003
23.48920000000003
23.48920000000003
23.48920000000003
23.48920000000003
23.48920000000003
23.48920000000003
23.48920000000003
23.48920000000003
23.48920000000003
23.48920000000003
23.48920000000003
23.48920000000003
23.48920000000003
23.48920000000003
23.48920000000003
23.48920000000003
23.48920000000003
23.48920000000003
23.48920000000003
23.48920000000003
23.48920000000003
23.48920000000003
23.48920000000003
23.48920000000003
23.48920000000003
23.48920000000003
23.48920000000003
23.48920000000003
23.48920000000003
23.48920000000003
23.48920000000003
23.48920000000003
23.48920000000003
23.48920000000003
23.48920000000003
23.48920000000003
23.48920000000003
23.48920000000003
23.48920000000003
23.48920000000003
23.48920000000003
23.48920000000003
23.48920000000003
23.48920000000003
23.48920000000003
23.48920000000003
23.48920000000003
23.48920000000003
2.5932
2.3367500000000003
2.3084666666666673
2.1937000000000006
2.3029800000000007
2.2545500000000005
2.4433000000000002
2.5309125
2.569311111111111
2.58418
2.69569
2.72817
2.8610599999999997
2.93647
3.0488
3.19185
3.1159100000000004
3.0702800000000003
3.20452
3.191
3.19963
3.3085700000000005
3.19391
3.2797000000000005
3.24602
3.13069
3.39456
3.65815
3.658429999999999
3.66492
3.6055699999999993
3.72074
3.74311
3.8269999999999995
3.8178199999999998
4.04267
3.9362300000000006
3.887950000000001
3.7231199999999993
4.039759999999999
3.95374
4.0248099999999996
4.177149999999999
4.3641
4.3268
4.20236
4.369349999999999
4.27867
4.345069999999999
4.3473999999999995
4.71328
4.635049999999999
4.778069999999999
4.78004
4.92317
5.221469999999999
5.050379999999999
5.1706199999999995
5.40991
5.54726
5.35753
5.50543
5.265200000000001
5.1151599999999995
5.067429999999999
5.02827
5.1294699999999995
4.929439999999999
4.946489999999999
4.77225
4.78486
4.732480000000001
4.718229999999999
4.7490499999999995
4.9051
4.64326
4.63869
4.66715
4.70685
4.75599
4.890459999999999
4.88331
5.32034
5.459679999999999
5.54059
5.84399
6.05056
6.33794
6.336709999999999
6.48069
6.566329999999999
6.563349999999998
6.454219999999998
6.403049999999999
6.5545599999999995
6.480959999999999
6.437409999999998
6.757389999999998
6.942019999999999
6.987849999999999
6.980769999999998
7.198339999999999
7.3219899999999996
7.578059999999999
7.465069999999999
7.620689999999999
8.1572
7.892669999999998
7.873589999999998
8.04413
8.08506
8.03579
8.32015
8.29063
8.3479
8.536930000000002
8.187119999999998
8.25639
8.369819999999999
8.327659999999998
8.47137
8.611349999999998
8.381039999999999
8.39988
8.574159999999997
8.60666
8.75394
9.08396
9.129249999999999
9.419590000000001
9.945620000000002
10.059700000000001
10.16
10.32845
10.539560000000002
10.631930000000002
10.762360000000001
10.995080000000002
11.239710000000002
11.479870000000002
11.3917
11.814560000000002
12.284510000000003
12.741990000000003
13.18865
13.68923
14.082600000000003
14.390120000000001
14.843340000000003
15.047430000000006
15.413820000000007
15.784330000000002
16.182980000000004
16.529010000000007
16.790100000000002
17.106720000000006
17.411830000000005
17.63747000000001
17.867880000000014
18.10146000000001
18.390540000000012
18.541260000000015
18.684870000000014
18.827450000000017
18.98842000000002
19.167930000000016
19.345910000000014
19.538070000000012
19.74135000000001
19.911740000000012
20.05624000000001
20.23252000000001
20.420150000000014
20.608190000000015
20.76456000000001
20.882650000000005
20.96334000000001
21.046040000000005
21.085330000000003
21.16987
21.25159
21.32284
21.36219
21.38554
21.40341
21.433470000000007
21.481260000000006
21.519630000000014
21.579060000000016
21.60780000000002
21.63912000000002
21.653300000000023
21.681280000000022
21.696220000000025
21.70711000000002
21.69990000000002
21.695200000000018
21.694810000000015
21.68476000000001
21.683230000000012
21.690610000000007
21.705450000000006
21.73134000000001
21.765460000000008
21.80294000000001
21.855830000000015
21.920370000000016
21.97921000000002
22.047900000000027
22.12328000000003
22.19429000000003
22.261900000000033
22.31802000000004
22.372140000000037
22.425310000000042
22.484020000000037
22.540060000000043
22.60429000000004
22.66322000000004
22.72037000000004
22.776850000000042
22.83669000000004
22.89564000000004
22.963100000000033
23.036750000000033
23.104030000000034
23.172280000000033
23.238770000000034
23.300610000000034
23.354890000000033
23.399930000000033
23.43674000000003
23.46496000000003
23.484020000000033
23.495070000000034
23.50147000000003
23.502290000000027
23.49872000000003
23.49515000000003
23.49277000000003
23.49039000000003
23.489200000000032
23.489200000000032
23.489200000000032
23.489200000000032
23.489200000000032
23.489200000000032
23.489200000000032
23.489200000000032
23.489200000000032
23.489200000000032
23.489200000000032
23.489200000000032
23.489200000000032
23.489200000000032
23.489200000000032
23.489200000000032
23.489200000000032
23.489200000000032
23.489200000000032
23.489200000000032
23.489200000000032
23.489200000000032
23.489200000000032
23.489200000000032
23.489200000000032
23.489200000000032
23.489200000000032
23.489200000000032
23.489200000000032
23.489200000000032
23.489200000000032
23.489200000000032
23.489200000000032
23.489200000000032
23.489200000000032
23.489200000000032
23.489200000000032
23.489200000000032
23.489200000000032
23.489200000000032
23.489200000000032
23.489200000000032
23.489200000000032
23.489200000000032
23.489200000000032
23.489200000000032
23.489200000000032
23.489200000000032
23.489200000000032
23.489200000000032
23.489200000000032
23.489200000000032
23.489200000000032
23.489200000000032
23.489200000000032
23.489200000000032
23.489200000000032
23.489200000000032
23.489200000000032
23.489200000000032
23.489200000000032
23.489200000000032
23.489200000000032
23.489200000000032
23.489200000000032
23.489200000000032
23.489200000000032
23.489200000000032
23.489200000000032
23.489200000000032
23.489200000000032
23.489200000000032
23.489200000000032
23.489200000000032
23.489200000000032
23.489200000000032
23.489200000000032
23.489200000000032
23.489200000000032
23.489200000000032
23.489200000000032
23.489200000000032
23.489200000000032
23.489200000000032
23.489200000000032
23.489200000000032
23.489200000000032
23.489200000000032
23.489200000000032
23.489200000000032
23.489200000000032
23.489200000000032
23.489200000000032
23.489200000000032
23.489200000000032
23.489200000000032
23.489200000000032
23.489200000000032
23.489200000000032
23.489200000000032
23.489200000000032
23.489200000000032
23.489200000000032
23.489200000000032
23.489200000000032
23.489200000000032
23.489200000000032
23.489200000000032
23.489200000000032
23.489200000000032
23.489200000000032
23.489200000000032
23.489200000000032
23.489200000000032
23.489200000000032
23.489200000000032
23.489200000000032
23.489200000000032
23.489200000000032
23.489200000000032
23.489200000000032
23.489200000000032
23.489200000000032
23.489200000000032
23.489200000000032
23.489200000000032
23.489200000000032
23.489200000000032
23.489200000000032
23.489200000000032
23.489200000000032
23.489200000000032
23.489200000000032
23.489200000000032
23.489200000000032
23.489200000000032
23.489200000000032
23.489200000000032
23.489200000000032
23.489200000000032
23.489200000000032
23.489200000000032
23.489200000000032
23.489200000000032
23.489200000000032
23.489200000000032
23.489200000000032
23.489200000000032
23.489200000000032
23.489200000000032
23.489200000000032
23.489200000000032
23.489200000000032
23.489200000000032
23.489200000000032
