2.5448
2.6230999999999995
1.9908
2.5799999999999996
2.423
1.9973000000000003
2.9739999999999998
1.2735000000000003
1.3704
1.1552
3.558699999999999
2.7077
4.356199999999999
2.4487
1.6844000000000001
3.0869999999999997
1.7327000000000001
3.6507999999999994
1.8386
3.8486
4.1111
2.4394
2.8411
3.5965
2.9769000000000005
2.555
4.495500000000001
2.0915999999999997
2.6781000000000006
1.6878000000000002
3.8651999999999993
1.9625000000000001
2.6222000000000008
2.7681999999999998
4.973200000000001
3.0523999999999996
3.2999999999999994
3.5543
3.5170999999999992
5.984400000000001
4.8062999999999985
2.0798999999999994
2.1031999999999997
2.0869999999999997
4.686
2.9838
3.2476000000000003
2.6232
2.8741000000000003
2.5763000000000003
3.4065000000000003
2.433
2.1616
2.8930000000000002
3.377899999999999
2.0912
2.2935999999999996
2.7485000000000004
2.7105
3.5799
2.7534
2.5229999999999992
4.734999999999999
2.5556
5.924899999999998
5.307300000000001
3.5774999999999997
3.1318999999999995
2.8568
3.6761000000000004
3.2741999999999987
4.466800000000001
3.3738
3.9946999999999995
3.4384000000000006
5.1507
3.3782
4.0847
4.198
3.0795999999999997
6.1164999999999985
3.750299999999999
6.428999999999998
3.6888999999999994
4.6095999999999995
4.935599999999999
4.577
4.163200000000001
3.297699999999999
3.3840999999999997
4.668099999999999
3.9678999999999993
4.142199999999999
4.5265
5.322499999999998
4.7844999999999995
3.9856999999999996
6.848599999999998
3.942799999999999
4.010699999999999
4.6062
4.927
4.8145
4.2978000000000005
4.922099999999999
5.1895999999999995
4.9392
5.2794
5.512399999999999
7.1224
8.1381
4.936499999999999
4.925400000000001
8.7161
3.9857
5.2768999999999995
5.229800000000002
5.454600000000001
5.465100000000001
5.821699999999999
5.5227999999999975
5.6063
5.453499999999998
5.1979000000000015
4.979300000000003
4.783100000000002
5.230499999999999
5.871599999999998
6.896599999999999
6.031699999999999
5.370800000000002
5.639800000000001
5.664800000000001
6.526599999999999
5.753899999999999
6.5417
6.251499999999997
6.754
6.968900000000003
7.359099999999997
7.061799999999999
6.856799999999998
6.5584999999999996
6.9937
9.320899999999995
11.1058
10.230100000000004
7.611199999999995
7.6019999999999985
8.754000000000003
10.821000000000002
8.827599999999997
8.953900000000003
12.727600000000002
8.709700000000003
9.466099999999996
12.40310000000001
9.820400000000006
10.903300000000003
12.4278
11.415899999999997
14.730199999999998
14.75960000000001
15.459600000000005
11.8203
13.817399999999996
14.440199999999995
14.045699999999991
13.697100000000002
15.564900000000007
14.25869999999999
15.497700000000014
15.263099999999996
15.070399999999998
14.793900000000002
15.988400000000004
15.177500000000014
15.606300000000001
16.31500000000002
16.727900000000023
16.692600000000027
15.740100000000021
16.223900000000015
17.305200000000017
16.398100000000014
16.372100000000007
17.277600000000017
17.132200000000008
17.22710000000002
17.220700000000015
17.100000000000023
17.245400000000014
17.5987
17.618700000000004
17.92260000000001
18.14880000000001
18.182600000000015
18.466900000000013
18.53950000000001
18.847600000000014
19.13160000000003
19.376600000000035
19.537900000000032
19.65680000000003
19.856800000000028
20.02130000000003
20.179100000000027
20.340000000000018
20.550500000000014
20.64590000000002
20.779500000000006
21.019300000000015
21.179700000000015
21.232300000000027
21.38870000000001
21.29370000000001
21.451400000000007
21.544999999999995
21.53609999999999
21.658899999999985
21.739199999999986
21.84479999999999
21.942899999999987
21.959899999999987
22.056199999999997
22.222500000000007
22.204900000000006
22.302400000000013
22.40880000000002
22.594100000000036
22.611900000000038
22.68450000000004
22.70270000000004
22.69360000000004
22.70270000000004
22.73910000000004
22.78500000000004
22.75730000000004
22.73000000000004
22.69950000000004
22.67220000000004
22.65400000000004
22.59940000000004
22.572100000000038
22.553900000000038
22.508400000000037
22.481100000000037
22.405100000000036
22.386900000000036
22.341400000000036
22.295900000000035
22.241300000000034
22.214000000000034
22.201700000000034
22.201700000000034
22.201700000000034
22.201700000000034
22.18940000000003
22.18940000000003
22.18940000000003
22.18940000000003
22.17710000000003
22.17710000000003
22.17710000000003
22.16480000000003
22.16480000000003
22.16480000000003
22.152500000000032
22.152500000000032
22.140200000000032
22.127900000000032
22.115600000000033
22.115600000000033
22.088900000000034
22.097800000000035
22.080000000000034
22.062200000000036
22.053300000000036
22.053300000000036
22.026600000000037
22.008800000000036
22.008800000000036
21.99100000000004
21.964300000000037
21.955400000000036
21.93760000000004
21.910900000000037
21.910900000000037
21.875300000000035
21.857500000000034
21.839700000000033
21.79520000000003
21.77740000000003
21.750700000000027
21.768500000000028
21.697300000000023
21.66170000000002
21.62610000000002
21.581600000000016
21.546000000000014
21.519300000000012
21.48370000000001
21.430300000000006
21.394700000000004
21.3413
21.3235
21.3235
21.3235
21.3235
21.3235
21.3235
21.3235
21.3235
21.3235
21.3235
21.3235
21.3235
21.3235
21.3235
21.3235
21.3235
21.3235
21.3235
21.3235
21.3235
21.3235
21.3235
21.3235
21.3235
21.3235
21.3235
21.3235
21.3235
21.3235
21.3235
21.3235
21.3235
21.3235
21.3235
21.3235
21.3235
21.3235
21.3235
21.3235
21.3235
21.3235
21.3235
21.3235
21.3235
21.3235
21.3235
21.3235
21.3235
21.3235
21.3235
21.3235
21.3235
21.3235
21.3235
21.3235
21.3235
21.3235
21.3235
21.3235
21.3235
21.3235
21.3235
21.3235
21.3235
21.3235
21.3235
21.3235
21.3235
21.3235
21.3235
21.3235
21.3235
21.3235
21.3235
21.3235
21.3235
21.3235
21.3235
21.3235
21.3235
21.3235
21.3235
21.3235
21.3235
21.3235
21.3235
21.3235
21.3235
21.3235
21.3235
21.3235
21.3235
21.3235
21.3235
21.3235
21.3235
21.3235
21.3235
21.3235
21.3235
21.3235
21.3235
21.3235
21.3235
21.3235
21.3235
21.3235
21.3235
2.5448
2.5839499999999997
2.386233333333333
2.434675
2.43234
2.3598333333333334
2.4475714285714285
2.3008124999999997
2.197433333333333
2.09321
2.1946
2.20306
2.4395999999999995
2.4264699999999992
2.35261
2.46158
2.33745
2.57518
2.622
2.89134
2.94658
2.9197499999999996
2.7682399999999996
2.88302
3.01227
2.9590699999999996
3.2353499999999995
3.07943
3.16338
2.9473
2.92271
2.8750199999999997
2.85313
2.7702999999999998
2.9699300000000006
3.0196700000000005
2.9001200000000003
3.04639
3.1302899999999996
3.5599499999999997
3.65406
3.6658
3.6139
3.5457799999999993
3.5170599999999994
3.5101999999999998
3.5049599999999996
3.41185
3.3475500000000005
3.0067399999999997
2.86676
2.90207
2.90791
2.98851
2.8577000000000004
2.7684400000000005
2.6730400000000003
2.68557
2.66921
2.76957
2.7042599999999997
2.71326
2.9706
2.9368599999999994
3.1915599999999995
3.5131699999999997
3.6415599999999997
3.6799
3.6945299999999994
3.7041499999999994
3.75623
3.9506099999999997
3.81449
3.9584
3.7097500000000005
3.69409
3.6741599999999996
3.7694399999999995
3.90356
3.8439099999999997
4.12814
4.056489999999999
4.362009999999999
4.331429999999999
4.448549999999999
4.42704
4.546919999999999
4.5547699999999995
4.464739999999999
4.495189999999999
4.350349999999999
4.372109999999999
4.1434299999999995
4.22719
4.29848
4.28337
4.22424
4.492779999999999
4.557289999999999
4.619949999999999
4.613759999999999
4.709669999999999
4.7768999999999995
4.75403
4.713989999999999
4.7545
4.849849999999999
4.6929300000000005
4.84989
5.16106
5.514249999999999
5.5152
5.5262899999999995
5.968120000000001
5.874479999999999
5.883209999999999
5.91227
5.92979
5.92506
5.79499
5.53346
5.60044
5.65325
5.30143
5.400790000000001
5.3514100000000004
5.3514800000000005
5.39318
5.53633
5.557329999999999
5.54213
5.5454799999999995
5.56661
5.69948
5.776940000000001
5.9528
6.054899999999999
6.143140000000001
6.150370000000001
6.283110000000001
6.452210000000001
6.57391
6.6632799999999985
6.7099899999999995
7.0666899999999995
7.5230999999999995
7.920959999999999
8.00668
8.069989999999999
8.209480000000001
8.5854
8.782479999999998
9.022019999999998
9.595409999999998
9.534289999999999
9.37032
9.587620000000001
9.808540000000002
10.138670000000001
10.506050000000002
10.565540000000002
11.155800000000003
11.736370000000003
12.009570000000002
12.320630000000005
12.755760000000004
12.959470000000001
13.382
13.66138
13.97509
14.25937
14.336120000000003
14.38647
14.347550000000002
14.644910000000001
14.862010000000001
14.935740000000001
15.091800000000003
15.353590000000006
15.469890000000007
15.713280000000012
15.737520000000009
15.833600000000013
16.057080000000013
16.217500000000012
16.255870000000012
16.465880000000016
16.618470000000016
16.709680000000013
16.758960000000013
16.79970000000002
16.950230000000015
17.087710000000015
17.11906000000001
17.27151000000001
17.449180000000013
17.53968000000001
17.673150000000014
17.80439000000001
17.96708000000001
18.17024000000001
18.38336000000001
18.577280000000016
18.781090000000024
18.97451000000002
19.161760000000022
19.361410000000024
19.548720000000024
19.74982000000002
19.929650000000024
20.094440000000024
20.258710000000022
20.42289000000002
20.580440000000024
20.733630000000016
20.860870000000013
20.98810000000001
21.108600000000013
21.20716000000001
21.308460000000004
21.404430000000005
21.486980000000003
21.563299999999998
21.636059999999993
21.702809999999992
21.795689999999993
21.87103999999999
21.946779999999993
22.034049999999997
22.12757
22.21484000000001
22.29881000000001
22.374790000000022
22.448160000000023
22.512810000000027
22.564470000000032
22.622480000000035
22.667970000000036
22.70009000000004
22.710630000000037
22.71666000000004
22.71361000000004
22.70328000000004
22.691130000000037
22.676250000000035
22.653180000000038
22.622790000000037
22.587570000000035
22.553260000000037
22.517450000000036
22.47982000000004
22.43855000000004
22.400010000000034
22.362970000000036
22.327750000000037
22.29708000000004
22.26914000000004
22.247570000000035
22.227820000000033
22.212620000000037
22.201970000000035
22.195550000000033
22.19186000000003
22.18940000000003
22.185710000000032
22.182020000000033
22.178330000000035
22.174640000000032
22.17095000000003
22.16603000000003
22.159880000000033
22.15373000000003
22.14758000000003
22.13876000000003
22.13206000000003
22.123580000000036
22.113320000000037
22.103400000000036
22.093480000000035
22.08212000000003
22.070210000000035
22.059530000000034
22.047070000000037
22.034610000000036
22.020370000000035
22.006130000000034
21.991000000000035
21.976760000000034
21.958960000000037
21.942050000000037
21.925140000000038
21.903780000000033
21.88242000000003
21.86106000000003
21.84237000000003
21.818340000000028
21.79342000000003
21.764940000000028
21.735570000000024
21.70442000000002
21.672380000000025
21.641230000000018
21.606520000000017
21.570920000000015
21.52820000000001
21.490820000000006
21.457000000000004
21.426740000000002
21.400930000000006
21.378680000000003
21.3591
21.343079999999997
21.3324
21.32528
21.3235
21.3235
21.3235
21.3235
21.3235
21.3235
21.3235
21.3235
21.3235
21.3235
21.3235
21.3235
21.3235
21.3235
21.3235
21.3235
21.3235
21.3235
21.3235
21.3235
21.3235
21.3235
21.3235
21.3235
21.3235
21.3235
21.3235
21.3235
21.3235
21.3235
21.3235
21.3235
21.3235
21.3235
21.3235
21.3235
21.3235
21.3235
21.3235
21.3235
21.3235
21.3235
21.3235
21.3235
21.3235
21.3235
21.3235
21.3235
21.3235
21.3235
21.3235
21.3235
21.3235
21.3235
21.3235
21.3235
21.3235
21.3235
21.3235
21.3235
21.3235
21.3235
21.3235
21.3235
21.3235
21.3235
21.3235
21.3235
21.3235
21.3235
21.3235
21.3235
21.3235
21.3235
21.3235
21.3235
21.3235
21.3235
21.3235
21.3235
21.3235
21.3235
21.3235
21.3235
21.3235
21.3235
21.3235
21.3235
21.3235
21.3235
21.3235
21.3235
21.3235
21.3235
21.3235
21.3235
21.3235
21.3235
21.3235
