3.4013000000000004
3.315
3.1826000000000003
2.5817
2.9101999999999997
2.4340999999999995
2.88
3.1025999999999994
3.9561
3.3408
2.2739999999999996
1.6997
3.8882
3.174
2.5373
3.2564
3.105899999999999
3.6026000000000007
1.6647
2.0973
3.5999
3.7657000000000003
3.6448000000000005
3.4722999999999997
3.0008
2.405
2.3963
1.9077000000000004
2.0319000000000003
1.8165
2.7555
2.8887999999999994
1.9737
1.9371999999999998
3.145499999999999
5.414899999999999
4.236199999999999
3.3975999999999997
3.1662
3.1933
2.4600000000000004
2.4687000000000006
5.140799999999999
3.9605000000000006
1.9045999999999998
2.7625
2.4386
3.588699999999999
2.1538
4.597499999999999
3.1619999999999995
3.9291000000000005
4.1929
4.7383
2.5044
3.2187
2.4584
2.7856
3.1249000000000007
2.679
5.1196
3.8708999999999993
2.6924000000000006
3.1353
3.4098000000000006
4.5886000000000005
3.9019999999999992
4.1676
5.0548
4.737900000000001
4.528600000000001
4.8353
3.3076
2.7745000000000006
4.1518
5.1785000000000005
5.568199999999999
5.821799999999999
3.2416000000000005
3.2497
4.477100000000002
5.3756
5.8498
5.732099999999998
5.371300000000001
7.100800000000001
5.773200000000001
5.838099999999999
3.4115
6.3834
5.0406
6.523699999999999
3.1564
3.6236
6.818699999999998
5.860399999999997
6.758999999999999
7.7132999999999985
7.107900000000001
6.537599999999999
8.395800000000001
8.292200000000001
6.427
6.577999999999999
6.6402
7.790700000000001
6.885399999999999
10.726000000000003
10.658800000000006
8.731300000000001
8.152700000000003
10.314000000000004
9.480500000000005
10.672700000000004
7.5287999999999995
10.7728
9.8809
11.051000000000002
10.900100000000002
9.225500000000004
11.7254
13.202000000000004
9.037800000000004
13.256800000000009
10.802700000000003
14.550400000000007
10.08520000000001
11.058
10.626600000000007
10.736800000000011
13.667499999999999
9.455499999999995
14.373700000000003
10.970100000000006
15.109200000000003
11.300800000000002
15.8274
12.226500000000005
12.538100000000002
11.630500000000008
11.210499999999994
13.30210000000001
13.156199999999997
13.310500000000008
16.636800000000008
14.087300000000004
16.33950000000001
14.432900000000007
16.74529999999999
18.470500000000015
15.064700000000002
17.409599999999998
20.236999999999995
15.47780000000001
17.784600000000005
16.291400000000007
18.476499999999998
17.3084
21.07040000000001
18.909099999999995
18.931799999999996
22.08240000000002
22.37120000000001
20.192399999999992
20.384399999999996
21.718700000000016
21.674900000000004
22.547200000000007
21.876100000000026
22.500400000000003
21.85240000000001
21.861600000000006
22.127000000000013
22.250000000000007
22.243400000000012
23.12540000000003
22.372000000000018
22.3039
22.664200000000015
22.634300000000014
22.795400000000026
22.644600000000015
22.408399999999997
22.348499999999998
22.4777
22.253300000000007
22.414900000000024
22.447900000000022
22.42510000000001
22.341200000000025
22.345900000000018
22.55420000000003
22.641200000000012
22.748800000000017
22.694200000000002
22.904400000000017
22.95380000000002
22.99930000000002
22.982100000000017
22.96320000000002
23.19540000000003
23.261100000000038
23.238600000000037
23.234200000000037
23.234300000000037
23.16180000000004
23.116900000000037
23.071400000000036
23.025900000000036
23.026100000000035
22.981400000000036
22.97250000000004
22.990700000000036
23.009900000000037
22.96460000000004
22.99110000000004
23.045300000000044
23.027300000000043
23.027700000000042
23.03720000000004
23.05560000000004
23.01070000000004
22.956500000000037
22.884100000000036
22.802800000000033
22.76720000000003
22.69440000000003
22.622200000000028
22.595500000000026
22.551000000000023
22.50650000000002
22.50650000000002
22.462000000000018
22.426400000000015
22.408600000000014
22.35520000000001
22.301800000000007
22.266200000000005
22.2128
22.195
22.1683
22.1683
22.1683
22.1683
22.1683
22.1683
22.1683
22.1683
22.1683
22.1683
22.1683
22.1683
22.1683
22.1683
22.1683
22.1683
22.1683
22.1683
22.1683
22.1683
22.1683
22.1683
22.1683
22.1683
22.1683
22.1683
22.1683
22.1683
22.1683
22.1683
22.1683
22.1683
22.1683
22.1683
22.1683
22.1683
22.1683
22.1683
22.1683
22.1683
22.1683
22.1683
22.1683
22.1683
22.1683
22.1683
22.1683
22.1683
22.1683
22.1683
22.1683
22.1683
22.1683
22.1683
22.1683
22.1683
22.1683
22.1683
22.1683
22.1683
22.1683
22.1683
22.1683
22.1683
22.1683
22.1683
22.1683
22.1683
22.1683
22.1683
22.1683
22.1683
22.1683
22.1683
22.1683
22.1683
22.1683
22.1683
22.1683
22.1683
22.1683
22.1683
22.1683
22.1683
22.1683
22.1683
22.1683
22.1683
22.1683
22.1683
22.1683
22.1683
22.1683
22.1683
22.1683
22.1683
22.1683
22.1683
22.1683
22.1683
22.1683
22.1683
22.1683
22.1683
22.1683
22.1683
22.1683
22.1683
22.1683
22.1683
22.1683
22.1683
22.1683
22.1683
22.1683
22.1683
22.1683
22.1683
22.1683
22.1683
22.1683
22.1683
22.1683
22.1683
22.1683
22.1683
22.1683
22.1683
22.1683
22.1683
22.1683
22.1683
22.1683
22.1683
22.1683
22.1683
22.1683
22.1683
22.1683
22.1683
22.1683
22.1683
22.1683
22.1683
22.1683
22.1683
22.1683
22.1683
22.1683
22.1683
22.1683
22.1683
22.1683
22.1683
22.1683
22.1683
22.1683
22.1683
22.1683
22.1683
22.1683
22.1683
22.1683
22.1683
3.4013000000000004
3.35815
3.299633333333334
3.12015
3.07816
2.9708166666666664
2.957842857142857
2.9759374999999997
3.0848444444444443
3.1104399999999996
2.99771
2.83618
2.90674
2.9659699999999996
2.92868
3.01091
3.0334999999999996
3.0835
2.8543600000000002
2.73001
2.8625999999999996
3.0691999999999995
3.04486
3.0746900000000004
3.12104
3.0359000000000003
2.9649400000000004
2.79545
2.8321700000000005
2.8040900000000004
2.7196500000000006
2.6319600000000003
2.46485
2.3113400000000004
2.3258099999999997
2.6268
2.81079
2.95978
3.07321
3.210889999999999
3.18134
3.13933
3.4560400000000002
3.65837
3.5342800000000003
3.2690399999999995
3.0892799999999996
3.1083899999999995
3.00715
3.1475699999999995
3.2177700000000002
3.3638099999999995
3.26902
3.3467999999999996
3.40678
3.4524
3.4543799999999996
3.3740699999999997
3.4711799999999995
3.2793300000000003
3.4750900000000002
3.4692700000000003
3.31922
3.1589199999999997
3.2494600000000005
3.38645
3.5308100000000002
3.66901
3.8620000000000005
4.06789
4.00879
4.105230000000001
4.166750000000001
4.13067
4.2048700000000006
4.26386
4.43048
4.595899999999999
4.41458
4.265759999999999
4.26061
4.31464
4.56886
4.86462
4.986569999999999
5.1788
5.1993
5.20093
5.217920000000001
5.53129
5.58764
5.70245
5.43311
5.22226
5.367
5.24296
5.34154
5.529059999999999
5.898699999999999
5.914119999999999
6.249639999999999
6.426489999999999
6.75355
7.048989999999999
7.031139999999999
7.224169999999999
7.23681
7.538080000000001
7.8931700000000005
8.112540000000001
8.088230000000001
8.290410000000001
8.595760000000002
9.005230000000003
9.094090000000003
9.392300000000002
9.691850000000002
9.724350000000003
9.74848
9.797900000000004
10.155170000000004
10.443970000000002
10.399700000000001
10.658110000000004
10.985500000000004
11.363260000000004
11.383690000000005
11.384390000000005
11.357040000000005
11.508170000000007
11.702380000000007
11.327730000000006
11.861320000000005
11.632650000000003
12.063300000000003
11.738340000000003
12.312560000000003
12.429410000000003
12.620560000000001
12.709930000000004
12.464230000000004
12.848890000000006
12.727140000000002
12.961180000000004
13.113940000000003
13.392590000000004
13.443800000000005
13.664440000000008
14.085160000000005
14.769160000000005
15.154580000000005
15.565330000000007
16.273410000000005
16.490140000000004
16.604920000000003
16.82533
17.039030000000004
17.32658
17.759090000000004
17.802950000000003
18.189659999999996
18.656940000000002
18.87036
19.341820000000002
19.601800000000004
20.144530000000003
20.464370000000006
20.988250000000004
21.06882000000001
21.42795000000001
21.72001000000001
21.697930000000007
21.673510000000007
21.87927000000001
22.065170000000013
22.205840000000013
22.275550000000013
22.25122000000001
22.330030000000015
22.343420000000016
22.437720000000017
22.516020000000015
22.544160000000012
22.554010000000012
22.57744000000001
22.490230000000007
22.494520000000005
22.50892000000001
22.48501000000001
22.45570000000001
22.410750000000014
22.401710000000016
22.424990000000015
22.46502000000002
22.486670000000014
22.551780000000015
22.605670000000018
22.66081000000002
22.716510000000017
22.778710000000018
22.863660000000017
22.934350000000016
22.99409000000002
23.042630000000024
23.09664000000003
23.122380000000028
23.138690000000032
23.145900000000033
23.150280000000034
23.156570000000038
23.135170000000038
23.106310000000036
23.081520000000037
23.059090000000037
23.032120000000038
23.015050000000038
23.00789000000004
23.00348000000004
23.00366000000004
23.004770000000043
23.01219000000004
23.01601000000004
23.01259000000004
23.00001000000004
22.98383000000004
22.961440000000035
22.926350000000035
22.885840000000037
22.842620000000032
22.794000000000032
22.73909000000003
22.688670000000027
22.639220000000027
22.593450000000026
22.55403000000002
22.51283000000002
22.473570000000016
22.437970000000014
22.399700000000013
22.364100000000015
22.33028000000001
22.296460000000003
22.267090000000003
22.24128
22.21725
22.198559999999997
22.185209999999994
22.175419999999995
22.170969999999993
22.168299999999995
22.168299999999995
22.168299999999995
22.168299999999995
22.168299999999995
22.168299999999995
22.168299999999995
22.168299999999995
22.168299999999995
22.168299999999995
22.168299999999995
22.168299999999995
22.168299999999995
22.168299999999995
22.168299999999995
22.168299999999995
22.168299999999995
22.168299999999995
22.168299999999995
22.168299999999995
22.168299999999995
22.168299999999995
22.168299999999995
22.168299999999995
22.168299999999995
22.168299999999995
22.168299999999995
22.168299999999995
22.168299999999995
22.168299999999995
22.168299999999995
22.168299999999995
22.168299999999995
22.168299999999995
22.168299999999995
22.168299999999995
22.168299999999995
22.168299999999995
22.168299999999995
22.168299999999995
22.168299999999995
22.168299999999995
22.168299999999995
22.168299999999995
22.168299999999995
22.168299999999995
22.168299999999995
22.168299999999995
22.168299999999995
22.168299999999995
22.168299999999995
22.168299999999995
22.168299999999995
22.168299999999995
22.168299999999995
22.168299999999995
22.168299999999995
22.168299999999995
22.168299999999995
22.168299999999995
22.168299999999995
22.168299999999995
22.168299999999995
22.168299999999995
22.168299999999995
22.168299999999995
22.168299999999995
22.168299999999995
22.168299999999995
22.168299999999995
22.168299999999995
22.168299999999995
22.168299999999995
22.168299999999995
22.168299999999995
22.168299999999995
22.168299999999995
22.168299999999995
22.168299999999995
22.168299999999995
22.168299999999995
22.168299999999995
22.168299999999995
22.168299999999995
22.168299999999995
22.168299999999995
22.168299999999995
22.168299999999995
22.168299999999995
22.168299999999995
22.168299999999995
22.168299999999995
22.168299999999995
22.168299999999995
22.168299999999995
22.168299999999995
22.168299999999995
22.168299999999995
22.168299999999995
22.168299999999995
22.168299999999995
22.168299999999995
22.168299999999995
22.168299999999995
22.168299999999995
22.168299999999995
22.168299999999995
22.168299999999995
22.168299999999995
22.168299999999995
22.168299999999995
22.168299999999995
22.168299999999995
22.168299999999995
22.168299999999995
22.168299999999995
22.168299999999995
22.168299999999995
22.168299999999995
22.168299999999995
22.168299999999995
22.168299999999995
22.168299999999995
22.168299999999995
22.168299999999995
22.168299999999995
22.168299999999995
22.168299999999995
22.168299999999995
22.168299999999995
22.168299999999995
22.168299999999995
22.168299999999995
22.168299999999995
22.168299999999995
22.168299999999995
22.168299999999995
22.168299999999995
22.168299999999995
22.168299999999995
22.168299999999995
22.168299999999995
22.168299999999995
22.168299999999995
22.168299999999995
22.168299999999995
22.168299999999995
22.168299999999995
22.168299999999995
22.168299999999995
22.168299999999995
22.168299999999995
22.168299999999995
22.168299999999995
22.168299999999995
