1.9606
1.8723999999999998
1.7724
4.802
2.3233
1.7837
2.2918000000000003
2.9202999999999997
1.4606000000000001
2.2752
2.9987
1.9975000000000003
2.4555000000000002
2.2158
2.6515000000000004
3.5748
1.5778
2.4746999999999995
1.9606000000000001
3.7628999999999997
5.2046
3.8488
3.6719999999999993
3.8092
2.6936999999999998
3.0042999999999997
3.6305
3.3265999999999996
4.189500000000001
3.2225
4.9459
1.1393
3.1906999999999996
2.3360000000000007
2.6856999999999998
4.5003
5.213100000000001
3.8407
3.6511999999999993
5.4205
4.2874
3.7505999999999995
3.3358999999999996
3.8358
2.7794
2.3973999999999998
3.4523999999999995
5.595700000000001
3.3035000000000005
2.6708
3.2836999999999996
2.9835
2.8661
2.2759
4.478699999999999
3.2643999999999997
4.7007
4.3046999999999995
2.944
2.4490999999999996
2.1677
3.8978999999999986
3.4626999999999994
3.9594
4.3466
3.077
3.6744000000000008
4.1095999999999995
2.1546000000000003
4.812200000000001
4.272200000000001
3.4716000000000005
2.4528999999999996
4.831100000000001
3.7099
3.5243
2.4577
2.2217000000000002
2.1117
6.057099999999999
3.3107999999999995
4.4015
4.2516
4.677100000000001
5.608999999999997
4.4161
3.3589
4.0794
4.8487
3.6923
5.443599999999999
3.0897999999999994
4.7666
3.9113999999999995
2.9753999999999996
5.452199999999999
4.798
7.460499999999998
7.3743
7.552899999999999
5.678099999999999
5.0952
7.571599999999999
3.4073
6.2345
5.824899999999998
7.471099999999999
5.5721
10.036400000000004
7.4956
5.4876
10.181400000000004
6.560299999999999
7.193999999999999
6.6396
8.7744
7.794
7.099600000000001
6.5441
10.656100000000004
7.382399999999997
13.98960000000001
8.531500000000001
8.8801
11.326100000000007
8.824799999999998
7.8126
7.644899999999999
11.977099999999998
10.439500000000006
9.78
9.488700000000003
11.8658
8.0272
15.829100000000015
8.625800000000002
12.59810000000001
9.194099999999999
9.482299999999995
16.69190000000001
10.9663
14.7035
11.086900000000005
10.605200000000002
15.460700000000008
14.276700000000002
13.294600000000006
15.15680000000001
13.373000000000001
17.693699999999996
15.430900000000007
14.038699999999993
15.572600000000014
16.830100000000005
17.494300000000003
18.203400000000013
18.206500000000002
18.174499999999995
17.886300000000006
20.831500000000005
21.626400000000007
20.12170000000001
20.615
20.823500000000013
23.44310000000002
22.70240000000002
22.285200000000014
21.90890000000001
23.04410000000001
23.509800000000016
23.763199999999998
23.087600000000016
24.393200000000014
23.942100000000014
23.895100000000024
24.459000000000014
24.315400000000025
24.96950000000003
25.006100000000025
24.657400000000035
24.99230000000003
25.295300000000022
25.272500000000026
25.102500000000028
25.631600000000017
25.622400000000017
25.60580000000002
25.81040000000002
25.584000000000014
25.44000000000001
25.8295
26.18889999999999
26.27919999999999
26.487199999999966
26.77009999999995
26.798199999999955
27.02489999999994
27.058599999999938
27.234599999999936
27.204699999999924
27.358599999999946
27.388699999999943
27.486899999999956
27.52079999999995
27.654499999999963
27.63849999999995
27.781899999999972
27.79619999999997
27.986299999999993
27.906499999999973
28.011099999999978
27.98219999999997
28.052299999999974
28.073099999999975
28.18779999999999
28.258299999999995
28.308600000000002
28.39020000000001
28.403900000000014
28.495800000000024
28.54650000000003
28.63130000000004
28.713300000000046
28.788000000000054
28.879700000000064
28.950800000000072
29.04040000000008
29.03660000000008
29.05070000000008
29.126600000000074
29.168000000000067
29.25100000000005
29.230000000000054
29.333800000000036
29.35440000000003
29.478600000000004
29.4992
29.54059999999999
29.66499999999997
29.72719999999996
29.799699999999948
29.799699999999948
29.84169999999995
29.87319999999995
29.88369999999995
29.89419999999995
29.936199999999953
29.957199999999954
29.988699999999955
30.009699999999956
30.051699999999958
30.09369999999996
30.13569999999996
30.14619999999996
30.188199999999963
30.230199999999964
30.314199999999968
30.33519999999997
30.38769999999997
30.450699999999973
30.492699999999974
30.534699999999976
30.545199999999976
30.545199999999976
30.545199999999976
30.545199999999976
30.545199999999976
30.545199999999976
30.545199999999976
30.545199999999976
30.545199999999976
30.545199999999976
30.545199999999976
30.545199999999976
30.545199999999976
30.545199999999976
30.545199999999976
30.545199999999976
30.545199999999976
30.545199999999976
30.545199999999976
30.545199999999976
30.545199999999976
30.545199999999976
30.545199999999976
30.545199999999976
30.545199999999976
30.545199999999976
30.545199999999976
30.545199999999976
30.545199999999976
30.545199999999976
30.545199999999976
30.545199999999976
30.545199999999976
30.545199999999976
30.545199999999976
30.545199999999976
30.545199999999976
30.545199999999976
30.545199999999976
30.545199999999976
30.545199999999976
30.545199999999976
30.545199999999976
30.545199999999976
30.545199999999976
30.545199999999976
30.545199999999976
30.545199999999976
30.545199999999976
30.545199999999976
30.545199999999976
30.545199999999976
30.545199999999976
30.545199999999976
30.545199999999976
30.545199999999976
30.545199999999976
30.545199999999976
30.545199999999976
30.545199999999976
30.545199999999976
30.545199999999976
30.545199999999976
30.545199999999976
30.545199999999976
30.545199999999976
30.545199999999976
30.545199999999976
30.545199999999976
30.545199999999976
30.545199999999976
30.545199999999976
30.545199999999976
30.545199999999976
30.545199999999976
30.545199999999976
30.545199999999976
30.545199999999976
30.545199999999976
30.545199999999976
30.545199999999976
30.545199999999976
30.545199999999976
30.545199999999976
30.545199999999976
30.545199999999976
30.545199999999976
30.545199999999976
30.545199999999976
30.545199999999976
30.545199999999976
30.545199999999976
30.545199999999976
30.545199999999976
30.545199999999976
30.545199999999976
30.545199999999976
30.545199999999976
30.545199999999976
30.545199999999976
30.545199999999976
30.545199999999976
30.545199999999976
30.545199999999976
30.545199999999976
30.545199999999976
30.545199999999976
30.545199999999976
30.545199999999976
30.545199999999976
30.545199999999976
30.545199999999976
30.545199999999976
30.545199999999976
30.545199999999976
30.545199999999976
30.545199999999976
30.545199999999976
30.545199999999976
30.545199999999976
30.545199999999976
30.545199999999976
30.545199999999976
30.545199999999976
30.545199999999976
30.545199999999976
30.545199999999976
30.545199999999976
30.545199999999976
30.545199999999976
30.545199999999976
30.545199999999976
1.9606
1.9164999999999999
1.8684666666666665
2.6018499999999998
2.54614
2.4190666666666663
2.400885714285714
2.4658124999999997
2.354122222222222
2.34623
2.45004
2.46255
2.5308599999999997
2.27224
2.30506
2.4841699999999998
2.4127699999999996
2.36821
2.4182099999999997
2.56698
2.7875699999999997
2.9727
3.09435
3.25369
3.25791
3.2008599999999996
3.4061299999999997
3.4913200000000004
3.71421
3.6601699999999995
3.6342999999999996
3.3633499999999996
3.31522
3.1679000000000004
3.1671000000000005
3.3167
3.4749600000000003
3.52637
3.4725399999999995
3.69234
3.6264900000000004
3.8876199999999996
3.90214
4.05212
4.06149
3.8512
3.6751299999999993
3.8506299999999998
3.8158599999999994
3.54089
3.4405199999999994
3.36381
3.3168300000000004
3.16084
3.33077
3.4174700000000002
3.5422999999999996
3.4132
3.37725
3.3550799999999996
3.2434799999999995
3.3349199999999994
3.39458
3.5629299999999993
3.5497199999999993
3.5309799999999996
3.4283499999999996
3.408839999999999
3.3299
3.5662099999999994
3.7766599999999997
3.7340299999999997
3.63305
3.72022
3.65655
3.7012799999999997
3.579610000000001
3.39082
3.3865299999999996
3.51102
3.41488
3.5078699999999996
3.6877399999999994
3.6723400000000006
3.8622499999999995
3.9514299999999998
4.04155
4.227320000000001
4.50102
4.26454
4.4778199999999995
4.3466499999999995
4.398149999999999
4.32158
4.05822
4.16183
4.305739999999999
4.643849999999999
4.8964099999999995
5.282469999999999
5.3059199999999995
5.506459999999999
5.786959999999999
5.736549999999999
6.06246
6.099729999999999
6.367039999999999
6.1781999999999995
6.4444099999999995
6.43868
6.41963
6.92825
6.827120000000001
7.20579
7.246300000000001
7.541250000000001
7.5735399999999995
7.7262900000000005
7.37706
7.693110000000002
7.882589999999999
8.26341
8.46053
8.629140000000001
9.097790000000002
9.10283
9.104690000000002
9.159220000000001
9.702520000000002
9.680860000000001
9.920620000000003
9.47053
9.80396
9.71867
10.168970000000002
10.14907
10.627620000000002
10.782540000000003
10.533060000000003
11.158300000000002
11.276930000000004
11.798410000000004
11.720520000000004
11.978320000000004
11.941480000000002
12.506570000000002
12.576220000000003
13.172490000000005
13.561560000000004
13.661740000000004
14.108200000000002
14.041720000000003
14.490290000000005
15.112780000000006
15.316140000000004
15.708810000000005
16.200000000000006
16.50177
16.953100000000003
17.266880000000004
17.886430000000008
18.494730000000008
18.998970000000007
19.39831000000001
19.99319000000001
20.443090000000005
20.850960000000008
21.22440000000001
21.74018000000001
22.00801000000001
22.221690000000013
22.51828000000001
22.89610000000001
23.207960000000014
23.253160000000012
23.42882000000001
23.63184000000001
23.93790000000002
24.13410000000002
24.24886000000002
24.37177000000002
24.59254000000002
24.680470000000028
24.796510000000026
24.970160000000025
25.086500000000026
25.215540000000026
25.299630000000022
25.357420000000022
25.43568000000002
25.51940000000001
25.60876000000001
25.709430000000008
25.847900000000003
25.961749999999995
26.07932999999999
26.221239999999984
26.346059999999976
26.511119999999966
26.68758999999996
26.840499999999953
26.96047999999995
27.081249999999944
27.184609999999942
27.273049999999945
27.357079999999947
27.432779999999944
27.50653999999995
27.58170999999996
27.651889999999963
27.717139999999965
27.776489999999967
27.833029999999972
27.888259999999974
27.941589999999973
28.00356999999998
28.05623999999998
28.115639999999985
28.15739999999999
28.216329999999992
28.269869999999997
28.334780000000006
28.40088000000001
28.472370000000023
28.541560000000025
28.610810000000036
28.683990000000044
28.74863000000005
28.813310000000058
28.87639000000006
28.938540000000064
29.000510000000066
29.05218000000007
29.106760000000072
29.154230000000062
29.20701000000006
29.252890000000047
29.30329000000004
29.364720000000027
29.424780000000016
29.487950000000005
29.54282
29.60398999999999
29.657929999999975
29.71085999999997
29.752419999999965
29.796119999999956
29.837779999999952
29.87014999999995
29.898399999999953
29.923599999999958
29.952999999999957
29.982399999999956
30.00969999999996
30.040149999999954
30.073749999999954
30.11154999999996
30.149349999999963
30.189249999999966
30.233349999999966
30.277449999999966
30.321549999999966
30.362499999999972
30.40239999999997
30.43809999999997
30.469599999999975
30.492699999999974
30.51369999999997
30.529449999999976
30.538899999999973
30.544149999999973
30.545199999999976
30.545199999999976
30.545199999999976
30.545199999999976
30.545199999999976
30.545199999999976
30.545199999999976
30.545199999999976
30.545199999999976
30.545199999999976
30.545199999999976
30.545199999999976
30.545199999999976
30.545199999999976
30.545199999999976
30.545199999999976
30.545199999999976
30.545199999999976
30.545199999999976
30.545199999999976
30.545199999999976
30.545199999999976
30.545199999999976
30.545199999999976
30.545199999999976
30.545199999999976
30.545199999999976
30.545199999999976
30.545199999999976
30.545199999999976
30.545199999999976
30.545199999999976
30.545199999999976
30.545199999999976
30.545199999999976
30.545199999999976
30.545199999999976
30.545199999999976
30.545199999999976
30.545199999999976
30.545199999999976
30.545199999999976
30.545199999999976
30.545199999999976
30.545199999999976
30.545199999999976
30.545199999999976
30.545199999999976
30.545199999999976
30.545199999999976
30.545199999999976
30.545199999999976
30.545199999999976
30.545199999999976
30.545199999999976
30.545199999999976
30.545199999999976
30.545199999999976
30.545199999999976
30.545199999999976
30.545199999999976
30.545199999999976
30.545199999999976
30.545199999999976
30.545199999999976
30.545199999999976
30.545199999999976
30.545199999999976
30.545199999999976
30.545199999999976
30.545199999999976
30.545199999999976
30.545199999999976
30.545199999999976
30.545199999999976
30.545199999999976
30.545199999999976
30.545199999999976
30.545199999999976
30.545199999999976
30.545199999999976
30.545199999999976
30.545199999999976
30.545199999999976
30.545199999999976
30.545199999999976
30.545199999999976
30.545199999999976
30.545199999999976
30.545199999999976
30.545199999999976
30.545199999999976
30.545199999999976
30.545199999999976
30.545199999999976
30.545199999999976
30.545199999999976
30.545199999999976
30.545199999999976
30.545199999999976
30.545199999999976
30.545199999999976
30.545199999999976
30.545199999999976
30.545199999999976
30.545199999999976
30.545199999999976
30.545199999999976
30.545199999999976
30.545199999999976
30.545199999999976
30.545199999999976
30.545199999999976
30.545199999999976
30.545199999999976
30.545199999999976
30.545199999999976
30.545199999999976
30.545199999999976
30.545199999999976
30.545199999999976
30.545199999999976
30.545199999999976
